Pass: 0, Swaps: 0/0, Array: [29, -375, 5, -118, -585, 870, 120, 465, -664, -681]
Pass: 1, Swaps: 1/1, Array: [-375, 29, 5, -118, -585, 870, 120, 465, -664, -681]
Pass: 2, Swaps: 1/2, Array: [-375, 5, 29, -118, -585, 870, 120, 465, -664, -681]
Pass: 3, Swaps: 2/4, Array: [-375, -118, 5, 29, -585, 870, 120, 465, -664, -681]
Pass: 4, Swaps: 4/8, Array: [-585, -375, -118, 5, 29, 870, 120, 465, -664, -681]
Pass: 5, Swaps: 0/8, Array: [-585, -375, -118, 5, 29, 870, 120, 465, -664, -681]
Pass: 6, Swaps: 1/9, Array: [-585, -375, -118, 5, 29, 120, 870, 465, -664, -681]
Pass: 7, Swaps: 1/10, Array: [-585, -375, -118, 5, 29, 120, 465, 870, -664, -681]
Pass: 8, Swaps: 8/18, Array: [-664, -585, -375, -118, 5, 29, 120, 465, 870, -681]
Pass: 9, Swaps: 9/27, Array: [-681, -664, -585, -375, -118, 5, 29, 120, 465, 870]
