Array: [871, -43, 253, 825, 98, 831, -611, 134, -79, -305]
Array: [871, -43, 253, 825, 98]
Array: [871, -43, 253]
Array: [871, -43]
Array: [871]
Array: [-43]
Array: [-43, 871]
Array: [253]
Array: [-43, 253, 871]
Array: [825, 98]
Array: [825]
Array: [98]
Array: [98, 825]
Array: [-43, 98, 253, 825, 871]
Array: [831, -611, 134, -79, -305]
Array: [831, -611, 134]
Array: [831, -611]
Array: [831]
Array: [-611]
Array: [-611, 831]
Array: [134]
Array: [-611, 134, 831]
Array: [-79, -305]
Array: [-79]
Array: [-305]
Array: [-305, -79]
Array: [-611, -305, -79, 134, 831]
Array: [-611, -305, -79, -43, 98, 134, 253, 825, 831, 871]