Array: [-715, 482, 87, 334, -544, 3, 197, -488, 530]
Array: [-715, 482, 87, 334, -544]
Array: [-715, 482, 87]
Array: [-715, 482]
Array: [-715]
Array: [482]
Array: [-715, 482]
Array: [87]
Array: [-715, 87, 482]
Array: [334, -544]
Array: [334]
Array: [-544]
Array: [-544, 334]
Array: [-715, -544, 87, 334, 482]
Array: [3, 197, -488, 530]
Array: [3, 197]
Array: [3]
Array: [197]
Array: [3, 197]
Array: [-488, 530]
Array: [-488]
Array: [530]
Array: [-488, 530]
Array: [-488, 3, 197, 530]
Array: [-715, -544, -488, 3, 87, 197, 334, 482, 530]